00,0
9.989E-02
0380.,3.130E-06
0384.,1.961E-06
0388.,4.199E-06
0392.,7.426E-06
0396.,7.463E-06
0400.,9.528E-06
0404.,1.284E-05
0408.,1.228E-05
0412.,1.761E-05
0416.,2.408E-05
0420.,2.948E-05
0424.,3.558E-05
0428.,4.161E-05
0432.,4.706E-05
0436.,5.374E-05
0440.,5.710E-05
0444.,6.163E-05
0448.,6.723E-05
0452.,7.097E-05
0456.,7.832E-05
0460.,8.721E-05
0464.,1.001E-04
0468.,1.206E-04
0472.,1.502E-04
0476.,1.899E-04
0480.,2.412E-04
0484.,3.057E-04
0488.,3.840E-04
0492.,4.751E-04
0496.,5.847E-04
0500.,6.998E-04
0504.,7.996E-04
0508.,9.020E-04
0512.,9.959E-04
0516.,1.071E-03
0520.,1.137E-03
0524.,1.163E-03
0528.,1.181E-03
0532.,1.178E-03
0536.,1.153E-03
0540.,1.127E-03
0544.,1.082E-03
0548.,1.032E-03
0552.,9.729E-04
0556.,9.072E-04
0560.,8.342E-04
0564.,7.432E-04
0568.,6.578E-04
0572.,5.793E-04
0576.,5.060E-04
0580.,4.382E-04
0584.,3.695E-04
0588.,3.139E-04
0592.,2.678E-04
0596.,2.288E-04
0600.,1.929E-04
0604.,1.600E-04
0608.,1.335E-04
0612.,1.148E-04
0616.,1.014E-04
0620.,8.949E-05
0624.,8.446E-05
0628.,7.564E-05
0632.,5.481E-05
0636.,3.738E-05
0640.,2.837E-05
0644.,2.369E-05
0648.,1.946E-05
0652.,1.730E-05
0656.,1.422E-05
0660.,1.479E-05
0664.,1.081E-05
0668.,9.411E-06
0672.,7.583E-06
0676.,5.676E-06
0680.,7.722E-06
0684.,7.115E-06
0688.,7.182E-06
0692.,6.016E-06
0696.,6.957E-06
0700.,1.320E-05
0704.,2.634E-05
0708.,2.475E-05
0712.,9.062E-06
0716.,3.806E-06
0720.,2.969E-06
0724.,2.245E-06
0728.,1.148E-06
0732.,3.454E-07
0736.,1.231E-06
0740.,1.643E-06
0744.,2.849E-06
0748.,4.082E-06
0752.,6.366E-06
0756.,4.096E-06
0760.,1.460E-06
0764.,6.550E-07
0768.,7.124E-07
0772.,1.789E-06
0776.,6.622E-06
0780.,2.055E-06
