00
00,0
8.782E-02
0380.,1.698E-06
0384.,2.594E-06
0388.,6.873E-06
0392.,4.101E-06
0396.,5.130E-06
0400.,8.047E-06
0404.,7.037E-06
0408.,5.220E-06
0412.,7.910E-06
0416.,1.259E-05
0420.,1.855E-05
0424.,1.974E-05
0428.,2.128E-05
0432.,2.255E-05
0436.,2.154E-05
0440.,2.524E-05
0444.,2.586E-05
0448.,2.505E-05
0452.,2.532E-05
0456.,2.390E-05
0460.,2.349E-05
0464.,2.893E-05
0468.,3.325E-05
0472.,3.249E-05
0476.,2.581E-05
0480.,2.345E-05
0484.,2.499E-05
0488.,3.072E-05
0492.,3.897E-05
0496.,4.766E-05
0500.,3.576E-05
0504.,2.758E-05
0508.,3.505E-05
0512.,5.431E-05
0516.,5.523E-05
0520.,3.511E-05
0524.,2.512E-05
0528.,2.762E-05
0532.,4.900E-05
0536.,1.067E-04
0540.,1.452E-04
0544.,9.774E-05
0548.,5.365E-05
0552.,5.389E-05
0556.,6.188E-05
0560.,5.341E-05
0564.,4.008E-05
0568.,3.609E-05
0572.,3.264E-05
0576.,4.355E-05
0580.,1.001E-04
0584.,1.957E-04
0588.,2.825E-04
0592.,3.903E-04
0596.,4.491E-04
0600.,2.986E-04
0604.,1.456E-04
0608.,2.176E-04
0612.,5.621E-04
0616.,1.052E-03
0620.,1.502E-03
0624.,2.565E-03
0628.,2.813E-03
0632.,1.438E-03
0636.,4.080E-04
0640.,1.177E-04
0644.,6.303E-05
0648.,5.767E-05
0652.,5.746E-05
0656.,5.997E-05
0660.,5.386E-05
0664.,4.348E-05
0668.,4.034E-05
0672.,4.447E-05
0676.,4.239E-05
0680.,5.580E-05
0684.,1.279E-04
0688.,1.694E-04
0692.,1.326E-04
0696.,2.519E-04
0700.,9.375E-04
0704.,2.243E-03
0708.,2.274E-03
0712.,6.036E-04
0716.,1.100E-04
0720.,4.881E-05
0724.,4.567E-05
0728.,3.290E-05
0732.,2.867E-05
0736.,2.525E-05
0740.,2.067E-05
0744.,2.387E-05
0748.,2.050E-05
0752.,2.117E-05
0756.,1.065E-05
0760.,2.227E-05
0764.,1.738E-05
0768.,1.770E-05
0772.,1.148E-05
0776.,1.826E-05
0780.,1.276E-05
