10,0,1.784E+00,.1516,0.0656
10,0,1.784E+00,.1516,0.0656
10,0,1.784E+00,.1516,0.0656
10,0,1.784E+00,.1516,0.0656
10,0,1.784E+00,.1516,0.0656
18,0,6.132E-02,.5038,.3657
18,0,8.283E-02,.5477,.3439
18,0,1.323E-01,.5563,.3410
00,0,1.740E-01,.5853,.3451
00,0,2.347E-01,.5878,.3385
00,0,3.002E-01,.6040,.3409
00,0,3.902E-01,.6071,.3427
00,0,4.939E-01,.6069,.3435
00,0,6.083E-01,.6088,.3425
00,0,7.331E-01,.6122,.3437
00,0,8.735E-01,.6119,.3424
00,0,1.051E+00,.6089,.3438
00,0,1.219E+00,.6101,.3438
00,0,1.411E+00,.6091,.3441
00,0,1.605E+00,.6112,.3437
00,0,1.829E+00,.6123,.3437
00,0,2.054E+00,.6122,.3432
00,0,2.270E+00,.6164,.3432
00,0,2.505E+00,.6178,.3428
00,0,2.788E+00,.6169,.3432
00,0,3.080E+00,.6170,.3430
00,0,3.383E+00,.6178,.3432
00,0,3.713E+00,.6178,.3433
00,0,4.020E+00,.6179,.3424
00,0,4.372E+00,.6183,.3430
00,0,4.777E+00,.6170,.3432
00,0,5.149E+00,.6173,.3434
00,0,5.583E+00,.6171,.3432
00,0,5.990E+00,.6168,.3430
00,0,6.376E+00,.6184,.3427
00,0,6.845E+00,.6187,.3430
00,0,7.312E+00,.6187,.3431
00,0,7.788E+00,.6179,.3427
00,0,8.226E+00,.6185,.3425
00,0,8.743E+00,.6176,.3428
00,0,9.319E+00,.6193,.3431
00,0,9.809E+00,.6188,.3431
00,0,1.039E+01,.6184,.3427
00,0,1.091E+01,.6187,.3427
00,0,1.151E+01,.6192,.3428
00,0,1.229E+01,.6188,.3430
00,0,1.286E+01,.6182,.3430
00,0,1.346E+01,.6183,.3425
00,0,1.424E+01,.6184,.3424
00,0,1.492E+01,.6180,.3426
00,0,1.554E+01,.6179,.3425
00,0,1.610E+01,.6178,.3431
10,0,1.610E+01,.6178,.3431
10,0,1.610E+01,.6178,.3431
10,0,1.610E+01,.6178,.3431
10,0,1.610E+01,.6178,.3431
10,0,1.610E+01,.6178,.3431
10,0,1.610E+01,.6178,.3431
10,0,1.610E+01,.6178,.3431
18,0,1.671E-01,.2867,.5393
18,0,2.609E-01,.2813,.5644
18,0,4.034E-01,.2827,.5817
18,0,5.767E-01,.2819,.5820
18,0,7.955E-01,.2829,.5861
00,0,1.046E+00,.2828,.5854
00,0,1.357E+00,.2816,.5908
00,0,1.707E+00,.2819,.5896
00,0,2.097E+00,.2833,.5898
00,0,2.542E+00,.2820,.5875
00,0,3.022E+00,.2821,.5900
00,0,3.576E+00,.2825,.5875
00,0,4.150E+00,.2829,.5885
00,0,4.777E+00,.2816,.5904
00,0,5.442E+00,.2817,.5911
00,0,6.165E+00,.2818,.5910
00,0,6.925E+00,.2813,.5910
00,0,7.755E+00,.2814,.5911
00,0,8.614E+00,.2810,.5909
00,0,9.524E+00,.2809,.5912
00,0,1.048E+01,.2813,.5906
00,0,1.150E+01,.2813,.5910
00,0,1.255E+01,.2810,.5910
00,0,1.364E+01,.2810,.5909
00,0,1.483E+01,.2809,.5910
00,0,1.603E+01,.2808,.5911
00,0,1.730E+01,.2807,.5910
00,0,1.862E+01,.2806,.5910
00,0,1.995E+01,.2803,.5908
00,0,2.133E+01,.2803,.5910
00,0,2.280E+01,.2803,.5909
00,0,2.423E+01,.2802,.5907
00,0,2.576E+01,.2800,.5907
00,0,2.742E+01,.2802,.5908
00,0,2.898E+01,.2802,.5908
00,0,3.064E+01,.2803,.5908
00,0,3.247E+01,.2801,.5908
00,0,3.429E+01,.2798,.5907
00,0,3.617E+01,.2799,.5906
00,0,3.803E+01,.2798,.5906
00,0,3.981E+01,.2797,.5906
00,0,4.187E+01,.2796,.5906
00,0,4.393E+01,.2797,.5907
00,0,4.606E+01,.2795,.5903
00,0,4.782E+01,.2791,.5901
10,0,4.782E+01,.2791,.5901
10,0,4.782E+01,.2791,.5901
10,0,4.782E+01,.2791,.5901
10,0,4.782E+01,.2791,.5901
10,0,4.782E+01,.2791,.5901
18,0,3.972E-02,.1676,0.0876
18,0,5.310E-02,.1570,0.0783
18,0,7.542E-02,.1566,0.0766
18,0,9.636E-02,.1558,0.0720
18,0,1.249E-01,.1527,0.0709
00,0,1.589E-01,.1537,0.0699
00,0,1.965E-01,.1518,0.0692
00,0,2.371E-01,.1511,0.0679
00,0,2.840E-01,.1513,0.0675
00,0,3.372E-01,.1508,0.0671
00,0,3.902E-01,.1510,0.0664
00,0,4.548E-01,.1509,0.0667
00,0,5.173E-01,.1508,0.0662
00,0,5.900E-01,.1503,0.0662
00,0,6.621E-01,.1507,0.0658
00,0,7.497E-01,.1506,0.0660
00,0,8.355E-01,.1504,0.0659
00,0,9.233E-01,.1503,0.0659
00,0,1.014E+00,.1502,0.0656
00,0,1.117E+00,.1502,0.0658
00,0,1.220E+00,.1505,0.0658
00,0,1.327E+00,.1504,0.0657
00,0,1.439E+00,.1503,0.0656
00,0,1.554E+00,.1503,0.0657
00,0,1.674E+00,.1503,0.0656
00,0,1.798E+00,.1503,0.0655
00,0,1.922E+00,.1503,0.0654
00,0,2.065E+00,.1502,0.0655
00,0,2.198E+00,.1504,0.0654
00,0,2.348E+00,.1504,0.0656
00,0,2.491E+00,.1504,0.0655
00,0,2.630E+00,.1503,0.0653
00,0,2.788E+00,.1504,0.0654
00,0,2.951E+00,.1503,0.0653
00,0,3.107E+00,.1505,0.0653
00,0,3.278E+00,.1504,0.0652
00,0,3.433E+00,.1503,0.0652
00,0,3.620E+00,.1504,0.0652
00,0,3.806E+00,.1504,0.0653
00,0,3.972E+00,.1504,0.0652
00,0,4.171E+00,.1505,0.0652
00,0,4.334E+00,.1505,0.0651
00,0,4.547E+00,.1504,0.0652
00,0,4.756E+00,.1506,0.0652
00,0,4.940E+00,.1505,0.0651
00,0,5.127E+00,.1504,0.0650
00,0,5.358E+00,.1505,0.0651
