00,0
8.309E-02
0380.,4.862E-05
0384.,6.114E-05
0388.,9.991E-05
0392.,1.264E-04
0396.,1.553E-04
0400.,2.066E-04
0404.,2.695E-04
0408.,3.483E-04
0412.,4.424E-04
0416.,5.596E-04
0420.,6.905E-04
0424.,8.081E-04
0428.,9.132E-04
0432.,1.002E-03
0436.,1.081E-03
0440.,1.116E-03
0444.,1.163E-03
0448.,1.156E-03
0452.,1.129E-03
0456.,1.099E-03
0460.,1.039E-03
0464.,9.622E-04
0468.,8.875E-04
0472.,7.823E-04
0476.,6.898E-04
0480.,6.020E-04
0484.,5.191E-04
0488.,4.407E-04
0492.,3.685E-04
0496.,2.975E-04
0500.,2.476E-04
0504.,2.030E-04
0508.,1.682E-04
0512.,1.392E-04
0516.,1.151E-04
0520.,9.204E-05
0524.,7.568E-05
0528.,6.278E-05
0532.,5.254E-05
0536.,4.511E-05
0540.,4.013E-05
0544.,3.380E-05
0548.,2.903E-05
0552.,2.445E-05
0556.,2.147E-05
0560.,1.935E-05
0564.,1.580E-05
0568.,1.390E-05
0572.,1.175E-05
0576.,9.673E-06
0580.,9.312E-06
0584.,9.020E-06
0588.,8.093E-06
0592.,7.303E-06
0596.,7.411E-06
0600.,6.017E-06
0604.,4.693E-06
0608.,5.020E-06
0612.,6.864E-06
0616.,9.968E-06
0620.,1.373E-05
0624.,2.181E-05
0628.,2.141E-05
0632.,1.210E-05
0636.,4.332E-06
0640.,2.550E-06
0644.,1.418E-06
0648.,1.757E-06
0652.,2.505E-06
0656.,1.058E-06
0660.,1.534E-06
0664.,2.206E-06
0668.,1.469E-06
0672.,8.186E-07
0676.,1.305E-06
0680.,1.633E-06
0684.,2.071E-06
0688.,2.328E-06
0692.,2.224E-06
0696.,4.662E-06
0700.,8.680E-06
0704.,1.754E-05
0708.,1.850E-05
0712.,5.497E-06
0716.,1.593E-06
0720.,1.637E-06
0724.,9.730E-07
0728.,7.647E-07
0732.,2.703E-06
0736.,3.644E-06
0740.,4.214E-06
0744.,1.680E-06
0748.,3.248E-06
0752.,4.250E-06
0756.,8.348E-06
0760.,3.358E-06
0764.,1.951E-06
0768.,1.461E-06
0772.,2.660E-06
0776.,4.158E-06
0780.,1.552E-05
