00,0,9.946E-01,.1573,0.0774

18,0,6.400E-02,.3118,.3041

18,0,5.920E-02,.3435,.3236

18,0,6.186E-02,.3509,.2819

18,0,6.589E-02,.3363,.3237

18,0,7.601E-02,.3990,.3394

18,0,8.588E-02,.3937,.3089

18,0,9.808E-02,.4498,.3168

18,0,1.214E-01,.4295,.3308

18,0,1.126E-01,.4927,.3249

18,0,9.671E-02,.4808,.2994

18,0,1.258E-01,.4629,.3041

18,0,1.377E-01,.5445,.3323

18,0,1.831E-01,.5374,.3404

18,0,1.812E-01,.5233,.3094

18,0,2.003E-01,.5634,.3304

18,0,2.199E-01,.5682,.3265

18,0,2.565E-01,.5768,.3277

18,0,2.786E-01,.5656,.3241

18,0,2.854E-01,.5714,.3285

18,0,3.389E-01,.5805,.3321

18,0,3.383E-01,.5923,.3386

18,0,3.524E-01,.5904,.3289

18,0,3.944E-01,.6009,.3381

18,0,4.101E-01,.5980,.3189

18,0,4.431E-01,.6110,.3392

00,0,4.629E-01,.6067,.3257

00,0,4.971E-01,.5918,.3303

00,0,5.490E-01,.6121,.3496

00,0,5.969E-01,.6049,.3470

00,0,5.660E-01,.6208,.3379

00,0,6.179E-01,.6120,.3381

00,0,6.678E-01,.6127,.3446

00,0,6.960E-01,.5979,.3258

00,0,7.139E-01,.6050,.3326

00,0,7.341E-01,.6067,.3308

00,0,8.321E-01,.6068,.3483

00,0,8.289E-01,.6172,.3448

00,0,8.491E-01,.6076,.3343

00,0,8.678E-01,.6120,.3369

00,0,9.416E-01,.6103,.3395

00,0,9.690E-01,.6140,.3431

00,0,9.851E-01,.6167,.3422

00,0,1.001E+00,.6209,.3336

00,0,1.110E+00,.6107,.3451

00,0,1.136E+00,.6112,.3426

00,0,1.146E+00,.6221,.3428

00,0,1.159E+00,.6237,.3417

00,0,1.238E+00,.6126,.3414

00,0,1.240E+00,.6205,.3366

00,0,1.298E+00,.6175,.3382

00,0,1.339E+00,.6185,.3418

00,0,1.379E+00,.6172,.3406

00,0,1.392E+00,.6223,.3403

00,0,1.452E+00,.6166,.3430

00,0,1.487E+00,.6198,.3417

00,0,1.561E+00,.6216,.3418

00,0,1.631E+00,.6222,.3448

00,0,1.644E+00,.6151,.3423

00,0,1.655E+00,.6254,.3408

00,0,1.708E+00,.6192,.3411

00,0,1.791E+00,.6153,.3404

00,0,1.826E+00,.6103,.3421

00,0,1.845E+00,.6197,.3433

00,0,1.878E+00,.6275,.3430

00,0,1.915E+00,.6219,.3414

00,0,1.959E+00,.6191,.3434

00,0,2.034E+00,.6140,.3406

00,0,2.059E+00,.6230,.3438

00,0,2.112E+00,.6202,.3419

00,0,2.145E+00,.6185,.3401

00,0,2.176E+00,.6225,.3419

00,0,2.219E+00,.6218,.3429

00,0,2.278E+00,.6216,.3428

00,0,2.324E+00,.6210,.3438

00,0,2.355E+00,.6199,.3413

00,0,2.393E+00,.6257,.3427

00,0,2.487E+00,.6203,.3433

00,0,2.512E+00,.6194,.3419

00,0,2.542E+00,.6251,.3435

00,0,2.625E+00,.6236,.3457

00,0,2.656E+00,.6224,.3426

00,0,2.717E+00,.6193,.3426

00,0,2.747E+00,.6223,.3413

00,0,2.826E+00,.6202,.3417

00,0,2.892E+00,.6197,.3424

00,0,2.925E+00,.6205,.3436

00,0,2.912E+00,.6262,.3449

00,0,2.988E+00,.6186,.3411

00,0,3.030E+00,.6243,.3441

00,0,3.099E+00,.6230,.3454

00,0,3.156E+00,.6241,.3454

00,0,3.185E+00,.6233,.3427

00,0,3.248E+00,.6223,.3425

00,0,3.294E+00,.6189,.3409

00,0,3.364E+00,.6229,.3436

00,0,3.411E+00,.6216,.3430

00,0,3.413E+00,.6226,.3424

00,0,3.478E+00,.6224,.3440

00,0,3.527E+00,.6188,.3420

00,0,3.601E+00,.6223,.3437

00,0,3.644E+00,.6217,.3420

00,0,3.730E+00,.6206,.3426

00,0,3.750E+00,.6204,.3429

00,0,3.765E+00,.6219,.3433

00,0,3.870E+00,.6180,.3417

00,0,3.917E+00,.6213,.3439

00,0,3.904E+00,.6239,.3431

00,0,4.034E+00,.6224,.3431

00,0,4.074E+00,.6218,.3432

00,0,4.167E+00,.6195,.3424

00,0,4.120E+00,.6217,.3434

00,0,4.207E+00,.6190,.3402

00,0,4.272E+00,.6211,.3427

00,0,4.344E+00,.6219,.3439

00,0,4.377E+00,.6202,.3432

00,0,4.379E+00,.6225,.3425

00,0,4.467E+00,.6183,.3401

00,0,4.557E+00,.6212,.3442

00,0,4.575E+00,.6198,.3422

00,0,4.664E+00,.6208,.3416

00,0,4.689E+00,.6217,.3432

00,0,4.752E+00,.6212,.3435

00,0,4.735E+00,.6237,.3423

00,0,4.900E+00,.6208,.3434

00,0,4.963E+00,.6242,.3439

00,0,4.984E+00,.6197,.3433

00,0,4.973E+00,.6234,.3436

00,0,5.114E+00,.6214,.3438

00,0,5.148E+00,.6216,.3427

00,0,5.224E+00,.6210,.3421

00,0,5.188E+00,.6223,.3434

00,0,5.291E+00,.6221,.3426

00,0,5.391E+00,.6201,.3420

00,0,5.421E+00,.6215,.3427

00,0,5.406E+00,.6206,.3421

00,0,5.532E+00,.6221,.3439

00,0,5.582E+00,.6225,.3429

00,0,5.687E+00,.6229,.3444

00,0,5.632E+00,.6218,.3440

00,0,5.731E+00,.6214,.3424

00,0,5.802E+00,.6217,.3425

00,0,5.876E+00,.6206,.3429

00,0,5.838E+00,.6226,.3431

00,0,5.965E+00,.6223,.3428

00,0,6.041E+00,.6210,.3431

00,0,6.119E+00,.6228,.3433

00,0,6.076E+00,.6212,.3428

00,0,6.211E+00,.6222,.3442

00,0,6.265E+00,.6230,.3433

00,0,6.344E+00,.6221,.3425

00,0,6.337E+00,.6215,.3444

00,0,6.428E+00,.6211,.3419

00,0,6.513E+00,.6225,.3434

00,0,6.605E+00,.6215,.3432

00,0,6.545E+00,.6205,.3427

00,0,6.672E+00,.6235,.3438

00,0,6.748E+00,.6219,.3424

00,0,6.721E+00,.6225,.3426

00,0,6.731E+00,.6214,.3419

00,0,6.932E+00,.6222,.3438

00,0,6.997E+00,.6210,.3422

00,0,6.993E+00,.6226,.3436

00,0,7.016E+00,.6213,.3426

00,0,7.143E+00,.6223,.3426

00,0,7.145E+00,.6225,.3428

00,0,7.244E+00,.6217,.3425

00,0,7.254E+00,.6211,.3421

00,0,7.315E+00,.6209,.3416

00,0,7.372E+00,.6220,.3423

00,0,7.485E+00,.6221,.3427

00,0,7.569E+00,.6198,.3429

00,0,7.542E+00,.6219,.3421

00,0,7.694E+00,.6215,.3437

00,0,7.746E+00,.6219,.3428

00,0,7.720E+00,.6213,.3428

00,0,7.811E+00,.6217,.3426

00,0,7.912E+00,.6208,.3413

00,0,7.938E+00,.6227,.3439

00,0,7.980E+00,.6206,.3431

00,0,8.103E+00,.6211,.3420

00,0,8.124E+00,.6208,.3434

00,0,8.240E+00,.6221,.3444

00,0,8.271E+00,.6209,.3435

00,0,8.246E+00,.6207,.3413

00,0,8.398E+00,.6232,.3444

00,0,8.455E+00,.6216,.3423

00,0,8.416E+00,.6206,.3430

00,0,8.524E+00,.6229,.3427

00,0,8.666E+00,.6212,.3432

00,0,8.655E+00,.6215,.3430

00,0,8.684E+00,.6209,.3428

00,0,8.821E+00,.6208,.3425

00,0,8.822E+00,.6231,.3434

00,0,8.930E+00,.6215,.3430

00,0,9.035E+00,.6199,.3425

00,0,8.948E+00,.6212,.3430

00,0,9.096E+00,.6226,.3431

00,0,9.233E+00,.6217,.3435

00,0,9.195E+00,.6215,.3426

00,0,9.226E+00,.6203,.3423

00,0,9.395E+00,.6207,.3423

00,0,9.404E+00,.6202,.3419

00,0,9.486E+00,.6215,.3432

00,0,9.494E+00,.6215,.3424

00,0,9.576E+00,.6209,.3426

00,0,9.688E+00,.6216,.3432

00,0,9.748E+00,.6231,.3436

00,0,9.694E+00,.6219,.3433

00,0,9.878E+00,.6225,.3431

00,0,9.889E+00,.6217,.3434

00,0,9.950E+00,.6213,.3426

00,0,1.000E+01,.6207,.3426

00,0,1.007E+01,.6216,.3431

00,0,1.016E+01,.6228,.3437

00,0,1.026E+01,.6216,.3430

00,0,1.018E+01,.6211,.3429

00,0,1.035E+01,.6210,.3421

00,0,1.045E+01,.6215,.3423

00,0,1.046E+01,.6211,.3427

00,0,1.051E+01,.6200,.3430

00,0,1.053E+01,.6211,.3419

00,0,1.068E+01,.6217,.3430

00,0,1.077E+01,.6218,.3433

00,0,1.065E+01,.6210,.3424

00,0,1.084E+01,.6226,.3428

00,0,1.094E+01,.6227,.3431

00,0,1.101E+01,.6202,.3427

00,0,1.102E+01,.6197,.3428

00,0,1.105E+01,.6224,.3430

00,0,1.120E+01,.6214,.3434

00,0,1.129E+01,.6212,.3430

00,0,1.117E+01,.6207,.3422

00,0,1.136E+01,.6219,.3426

00,0,1.139E+01,.6203,.3423

00,0,1.150E+01,.6207,.3429

00,0,1.148E+01,.6212,.3426

00,0,1.155E+01,.6223,.3428

00,0,1.165E+01,.6213,.3418

00,0,1.167E+01,.6218,.3426

00,0,1.170E+01,.6215,.3424

00,0,1.191E+01,.6215,.3427

00,0,1.192E+01,.6212,.3430

00,0,1.199E+01,.6219,.3430

00,0,1.190E+01,.6218,.3431

00,0,1.208E+01,.6215,.3422

00,0,1.222E+01,.6217,.3426

00,0,1.222E+01,.6210,.3427

00,0,1.226E+01,.6209,.3430

00,0,1.233E+01,.6215,.3427

00,0,1.246E+01,.6212,.3428

00,0,1.257E+01,.6210,.3426

00,0,1.244E+01,.6213,.3430

00,0,1.261E+01,.6222,.3425

00,0,1.267E+01,.6218,.3435

00,0,1.276E+01,.6217,.3430

18,0,5.066E-02,.3044,.2415

18,0,4.769E-02,.3324,.3366

18,0,4.606E-02,.3210,.2613

18,0,7.057E-02,.3206,.3008

18,0,7.626E-02,.3299,.3879

18,0,6.549E-02,.3380,.3479

18,0,7.838E-02,.2737,.3947

18,0,1.027E-01,.2859,.3614

18,0,1.158E-01,.2726,.4346

18,0,1.573E-01,.3322,.4999

18,0,1.778E-01,.3161,.4867

18,0,2.102E-01,.2730,.5101

18,0,2.223E-01,.2693,.5149

18,0,2.851E-01,.3095,.5365

18,0,3.161E-01,.2721,.5416

18,0,3.792E-01,.2939,.5695

18,0,4.429E-01,.2815,.5146

18,0,4.875E-01,.2716,.5523

18,0,5.492E-01,.2900,.5585

18,0,5.891E-01,.2809,.5611

18,0,6.933E-01,.2858,.5669

18,0,7.702E-01,.2902,.5518

18,0,8.113E-01,.2768,.5813

18,0,8.938E-01,.2783,.5830

18,0,9.874E-01,.2823,.5795

18,0,1.024E+00,.2807,.5789

18,0,1.122E+00,.2766,.5913

18,0,1.178E+00,.2722,.5858

18,0,1.337E+00,.2766,.5800

18,0,1.382E+00,.2854,.5852

18,0,1.454E+00,.2776,.5882

18,0,1.561E+00,.2820,.5902

18,0,1.608E+00,.2800,.5970

18,0,1.755E+00,.2818,.5909

18,0,1.827E+00,.2865,.5972

18,0,1.881E+00,.2776,.5883

18,0,2.063E+00,.2815,.5853

18,0,2.121E+00,.2795,.5893

18,0,2.198E+00,.2794,.5827

18,0,2.299E+00,.2785,.5880

18,0,2.433E+00,.2809,.5888

18,0,2.537E+00,.2848,.5880

18,0,2.616E+00,.2822,.5908

00,0,2.718E+00,.2842,.5980

00,0,2.871E+00,.2817,.5945

00,0,2.988E+00,.2790,.5953

00,0,3.038E+00,.2829,.5997

00,0,3.165E+00,.2814,.5967

00,0,3.254E+00,.2809,.5848

00,0,3.430E+00,.2837,.5979

00,0,3.537E+00,.2823,.5937

00,0,3.692E+00,.2843,.5914

00,0,3.786E+00,.2828,.5926

00,0,3.869E+00,.2835,.5971

00,0,3.958E+00,.2829,.5924

00,0,4.070E+00,.2821,.5923

00,0,4.307E+00,.2801,.5911

00,0,4.415E+00,.2814,.5939

00,0,4.551E+00,.2833,.5904

00,0,4.660E+00,.2824,.5906

00,0,4.785E+00,.2811,.5934

00,0,4.868E+00,.2811,.5958

00,0,5.017E+00,.2828,.5934

00,0,5.121E+00,.2807,.5944

00,0,5.206E+00,.2811,.5961

00,0,5.360E+00,.2808,.5980

00,0,5.453E+00,.2813,.5963

00,0,5.654E+00,.2820,.5966

00,0,5.787E+00,.2828,.5945

00,0,5.899E+00,.2814,.5900

00,0,6.019E+00,.2824,.5945

00,0,6.202E+00,.2822,.5929

00,0,6.314E+00,.2817,.5906

00,0,6.422E+00,.2817,.5938

00,0,6.558E+00,.2817,.5933

00,0,6.683E+00,.2804,.5936

00,0,6.863E+00,.2814,.5945

00,0,6.965E+00,.2807,.5939

00,0,7.102E+00,.2827,.5944

00,0,7.307E+00,.2824,.5942

00,0,7.501E+00,.2826,.5961

00,0,7.622E+00,.2810,.5938

00,0,7.702E+00,.2822,.5931

00,0,7.911E+00,.2811,.5941

00,0,8.053E+00,.2815,.5965

00,0,8.236E+00,.2824,.5923

00,0,8.350E+00,.2815,.5957

00,0,8.391E+00,.2822,.5943

00,0,8.544E+00,.2812,.5925

00,0,8.716E+00,.2807,.5936

00,0,8.810E+00,.2820,.5917

00,0,9.054E+00,.2811,.5931

00,0,9.210E+00,.2824,.5934

00,0,9.371E+00,.2809,.5928

00,0,9.496E+00,.2813,.5933

00,0,9.738E+00,.2812,.5954

00,0,9.883E+00,.2815,.5917

00,0,9.877E+00,.2817,.5935

00,0,1.003E+01,.2821,.5917

00,0,1.025E+01,.2816,.5923

00,0,1.045E+01,.2822,.5937

00,0,1.059E+01,.2816,.5939

00,0,1.073E+01,.2805,.5920

00,0,1.099E+01,.2816,.5940

00,0,1.095E+01,.2815,.5947

00,0,1.113E+01,.2810,.5945

00,0,1.128E+01,.2819,.5942

00,0,1.154E+01,.2821,.5925

00,0,1.173E+01,.2817,.5926

00,0,1.191E+01,.2811,.5946

00,0,1.201E+01,.2814,.5926

00,0,1.211E+01,.2817,.5947

00,0,1.229E+01,.2815,.5944

00,0,1.249E+01,.2810,.5924

00,0,1.260E+01,.2812,.5932

00,0,1.292E+01,.2818,.5947

00,0,1.289E+01,.2818,.5953

00,0,1.307E+01,.2812,.5937

00,0,1.322E+01,.2817,.5943

00,0,1.350E+01,.2816,.5946

00,0,1.375E+01,.2815,.5931

00,0,1.372E+01,.2810,.5928

00,0,1.386E+01,.2817,.5936

00,0,1.412E+01,.2812,.5926

00,0,1.435E+01,.2814,.5939

00,0,1.455E+01,.2804,.5917

00,0,1.449E+01,.2807,.5933

00,0,1.474E+01,.2821,.5950

00,0,1.497E+01,.2810,.5938

00,0,1.521E+01,.2813,.5927

00,0,1.534E+01,.2806,.5929

00,0,1.539E+01,.2817,.5926

00,0,1.563E+01,.2811,.5935

00,0,1.585E+01,.2809,.5939

00,0,1.600E+01,.2811,.5932

00,0,1.606E+01,.2817,.5949

00,0,1.629E+01,.2812,.5939

00,0,1.648E+01,.2811,.5941

00,0,1.668E+01,.2813,.5935

00,0,1.676E+01,.2813,.5933

00,0,1.698E+01,.2806,.5924

00,0,1.720E+01,.2808,.5936

00,0,1.733E+01,.2805,.5935

00,0,1.740E+01,.2813,.5933

00,0,1.771E+01,.2821,.5938

00,0,1.789E+01,.2814,.5936

00,0,1.809E+01,.2814,.5936

00,0,1.810E+01,.2823,.5941

00,0,1.838E+01,.2813,.5934

00,0,1.865E+01,.2817,.5933

00,0,1.887E+01,.2810,.5945

00,0,1.876E+01,.2820,.5931

00,0,1.912E+01,.2812,.5936

00,0,1.936E+01,.2816,.5928

00,0,1.954E+01,.2805,.5943

00,0,1.947E+01,.2818,.5933

00,0,1.985E+01,.2818,.5939

00,0,2.008E+01,.2805,.5923

00,0,2.006E+01,.2805,.5927

00,0,2.022E+01,.2815,.5924

00,0,2.061E+01,.2816,.5934

00,0,2.086E+01,.2810,.5926

00,0,2.079E+01,.2806,.5937

00,0,2.101E+01,.2819,.5929

00,0,2.135E+01,.2808,.5934

00,0,2.136E+01,.2814,.5938

00,0,2.157E+01,.2803,.5942

00,0,2.178E+01,.2819,.5940

00,0,2.188E+01,.2811,.5918

00,0,2.213E+01,.2808,.5936

00,0,2.233E+01,.2806,.5929

00,0,2.252E+01,.2814,.5933

00,0,2.270E+01,.2815,.5934

00,0,2.294E+01,.2814,.5930

00,0,2.316E+01,.2807,.5934

00,0,2.303E+01,.2813,.5917

00,0,2.345E+01,.2808,.5940

00,0,2.377E+01,.2813,.5925

00,0,2.371E+01,.2809,.5938

00,0,2.384E+01,.2813,.5933

00,0,2.424E+01,.2810,.5935

00,0,2.427E+01,.2809,.5931

00,0,2.454E+01,.2805,.5929

00,0,2.466E+01,.2816,.5933

00,0,2.481E+01,.2808,.5927

00,0,2.510E+01,.2811,.5927

00,0,2.534E+01,.2808,.5930

00,0,2.521E+01,.2814,.5923

00,0,2.564E+01,.2810,.5932

00,0,2.595E+01,.2810,.5934

00,0,2.590E+01,.2807,.5930

00,0,2.602E+01,.2817,.5934

00,0,2.648E+01,.2809,.5938

00,0,2.651E+01,.2809,.5932

00,0,2.674E+01,.2804,.5930

00,0,2.689E+01,.2813,.5927

00,0,2.703E+01,.2806,.5932

00,0,2.737E+01,.2810,.5925

00,0,2.763E+01,.2807,.5935

00,0,2.749E+01,.2806,.5928

00,0,2.792E+01,.2812,.5934

00,0,2.824E+01,.2809,.5927

00,0,2.823E+01,.2806,.5930

00,0,2.835E+01,.2809,.5931

00,0,2.881E+01,.2812,.5942

00,0,2.884E+01,.2811,.5931

00,0,2.908E+01,.2808,.5938

00,0,2.924E+01,.2809,.5928

00,0,2.942E+01,.2815,.5940

00,0,2.975E+01,.2811,.5927

00,0,2.969E+01,.2809,.5929

00,0,2.982E+01,.2807,.5925

00,0,3.034E+01,.2811,.5933

00,0,3.032E+01,.2809,.5930

00,0,3.056E+01,.2808,.5938

00,0,3.070E+01,.2809,.5926

00,0,3.090E+01,.2811,.5935

00,0,3.126E+01,.2810,.5925

00,0,3.155E+01,.2807,.5929

00,0,3.134E+01,.2803,.5932

00,0,3.177E+01,.2812,.5934

00,0,3.187E+01,.2812,.5934

00,0,3.213E+01,.2806,.5930

00,0,3.234E+01,.2803,.5937

00,0,3.239E+01,.2814,.5931

00,0,3.280E+01,.2806,.5925

00,0,3.311E+01,.2808,.5929

00,0,3.294E+01,.2803,.5933

00,0,3.335E+01,.2816,.5929

00,0,3.340E+01,.2806,.5925

00,0,3.373E+01,.2809,.5925

00,0,3.391E+01,.2804,.5932

00,0,3.400E+01,.2812,.5935

00,0,3.437E+01,.2809,.5930

00,0,3.435E+01,.2805,.5930

00,0,3.452E+01,.2800,.5925

00,0,3.495E+01,.2812,.5934

00,0,3.502E+01,.2807,.5931

00,0,3.533E+01,.2806,.5932

00,0,3.516E+01,.2801,.5928

00,0,3.557E+01,.2815,.5934

00,0,3.600E+01,.2806,.5929

00,0,3.599E+01,.2807,.5936

00,0,3.627E+01,.2803,.5930

00,0,3.608E+01,.2811,.5926

00,0,3.665E+01,.2806,.5937

00,0,3.698E+01,.2806,.5926

00,0,3.698E+01,.2804,.5922

00,0,3.706E+01,.2811,.5923

00,0,3.729E+01,.2807,.5930

00,0,3.765E+01,.2805,.5924

00,0,3.796E+01,.2802,.5927

00,0,3.774E+01,.2808,.5920

00,0,3.831E+01,.2808,.5931

00,0,3.834E+01,.2805,.5929

00,0,3.862E+01,.2804,.5928

18,0,4.707E-02,.3152,.2733

18,0,5.768E-02,.3074,.2649

18,0,5.999E-02,.2756,.2885

18,0,6.061E-02,.2511,.1801

18,0,5.248E-02,.2267,.1391

18,0,5.404E-02,.1986,.1384

18,0,6.699E-02,.2035,.1306

18,0,8.056E-02,.1910,.1261

18,0,7.747E-02,.2026,.1138

18,0,9.848E-02,.1860,.1175

18,0,1.042E-01,.1840,.1021

18,0,9.850E-02,.1696,0.0894

18,0,9.731E-02,.1685,0.0807

18,0,1.383E-01,.1772,0.0991

18,0,1.169E-01,.1659,0.0776

18,0,1.449E-01,.1595,0.0856

18,0,1.265E-01,.1614,0.0698

18,0,1.620E-01,.1668,0.0815

18,0,1.609E-01,.1557,0.0731

18,0,1.830E-01,.1634,0.0786

18,0,1.903E-01,.1619,0.0747

18,0,1.991E-01,.1586,0.0736

18,0,1.973E-01,.1576,0.0692

18,0,2.311E-01,.1585,0.0747

18,0,2.217E-01,.1551,0.0663

18,0,2.412E-01,.1569,0.0686

18,0,2.498E-01,.1527,0.0670

18,0,2.785E-01,.1590,0.0720

18,0,2.848E-01,.1563,0.0685

18,0,3.131E-01,.1551,0.0734

18,0,3.249E-01,.1553,0.0716

18,0,3.118E-01,.1547,0.0660

18,0,3.371E-01,.1567,0.0687

18,0,3.255E-01,.1542,0.0631

00,0,3.759E-01,.1545,0.0704

00,0,3.650E-01,.1527,0.0664

00,0,3.920E-01,.1529,0.0681

00,0,3.707E-01,.1525,0.0624

00,0,4.233E-01,.1528,0.0685

00,0,4.298E-01,.1529,0.0675

00,0,4.697E-01,.1523,0.0691

00,0,4.639E-01,.1521,0.0678

00,0,4.734E-01,.1508,0.0669

00,0,4.883E-01,.1514,0.0667

00,0,4.627E-01,.1509,0.0610

00,0,5.128E-01,.1538,0.0657

00,0,5.290E-01,.1504,0.0663

00,0,5.317E-01,.1503,0.0647

00,0,5.469E-01,.1507,0.0654

00,0,5.672E-01,.1508,0.0642

00,0,5.793E-01,.1509,0.0644

00,0,5.926E-01,.1504,0.0639

00,0,6.021E-01,.1492,0.0637

00,0,6.296E-01,.1522,0.0648

00,0,6.596E-01,.1510,0.0665

00,0,6.837E-01,.1518,0.0671

00,0,6.856E-01,.1504,0.0644

00,0,7.124E-01,.1504,0.0657

00,0,7.359E-01,.1512,0.0665

00,0,7.732E-01,.1518,0.0681

00,0,7.495E-01,.1512,0.0647

00,0,7.646E-01,.1501,0.0648

00,0,7.614E-01,.1490,0.0640

00,0,7.904E-01,.1503,0.0642

00,0,8.437E-01,.1517,0.0670

00,0,8.319E-01,.1509,0.0650

00,0,8.119E-01,.1491,0.0631

00,0,8.580E-01,.1504,0.0645

00,0,8.892E-01,.1506,0.0654

00,0,8.502E-01,.1490,0.0621

00,0,9.069E-01,.1497,0.0650

00,0,9.455E-01,.1509,0.0658

00,0,9.310E-01,.1492,0.0640

00,0,9.473E-01,.1495,0.0639

00,0,9.754E-01,.1489,0.0650

00,0,9.949E-01,.1503,0.0644

00,0,1.024E+00,.1500,0.0650

00,0,1.026E+00,.1495,0.0645

00,0,1.020E+00,.1494,0.0633

00,0,1.080E+00,.1494,0.0652

00,0,1.079E+00,.1499,0.0641

00,0,1.106E+00,.1499,0.0649

00,0,1.115E+00,.1499,0.0646

00,0,1.163E+00,.1499,0.0656

00,0,1.172E+00,.1507,0.0649

00,0,1.185E+00,.1505,0.0648

00,0,1.198E+00,.1495,0.0650

00,0,1.205E+00,.1500,0.0649

00,0,1.219E+00,.1502,0.0645

00,0,1.208E+00,.1490,0.0630

00,0,1.269E+00,.1499,0.0654

00,0,1.302E+00,.1504,0.0655

00,0,1.304E+00,.1500,0.0649

00,0,1.327E+00,.1501,0.0647

00,0,1.351E+00,.1505,0.0654

00,0,1.350E+00,.1496,0.0640

00,0,1.366E+00,.1491,0.0638

00,0,1.381E+00,.1503,0.0644

00,0,1.413E+00,.1510,0.0654

00,0,1.419E+00,.1499,0.0643

00,0,1.448E+00,.1501,0.0647

00,0,1.466E+00,.1492,0.0647

00,0,1.459E+00,.1497,0.0639

00,0,1.529E+00,.1502,0.0652

00,0,1.506E+00,.1496,0.0646

00,0,1.523E+00,.1495,0.0643

00,0,1.548E+00,.1498,0.0649

00,0,1.601E+00,.1499,0.0654

00,0,1.618E+00,.1498,0.0653

00,0,1.620E+00,.1503,0.0645

00,0,1.646E+00,.1507,0.0650

00,0,1.666E+00,.1499,0.0655

00,0,1.665E+00,.1498,0.0646

00,0,1.671E+00,.1491,0.0641

00,0,1.688E+00,.1494,0.0642

00,0,1.719E+00,.1493,0.0641

00,0,1.741E+00,.1503,0.0648

00,0,1.778E+00,.1500,0.0653

00,0,1.763E+00,.1496,0.0644

00,0,1.812E+00,.1507,0.0649

00,0,1.826E+00,.1495,0.0645

00,0,1.819E+00,.1497,0.0643

00,0,1.836E+00,.1497,0.0642

00,0,1.863E+00,.1493,0.0645

00,0,1.915E+00,.1501,0.0651

00,0,1.912E+00,.1496,0.0644

00,0,1.943E+00,.1506,0.0654

00,0,1.940E+00,.1493,0.0646

00,0,1.935E+00,.1491,0.0635

00,0,2.004E+00,.1494,0.0648

00,0,2.021E+00,.1500,0.0647

00,0,2.019E+00,.1496,0.0648

00,0,2.041E+00,.1501,0.0645

00,0,2.069E+00,.1502,0.0645

00,0,2.094E+00,.1500,0.0647

00,0,2.096E+00,.1496,0.0649

00,0,2.115E+00,.1495,0.0646

00,0,2.136E+00,.1498,0.0643

00,0,2.145E+00,.1495,0.0642

00,0,2.177E+00,.1496,0.0650

00,0,2.222E+00,.1503,0.0654

00,0,2.209E+00,.1492,0.0643

00,0,2.240E+00,.1497,0.0645

00,0,2.263E+00,.1502,0.0655

00,0,2.247E+00,.1499,0.0640

00,0,2.293E+00,.1495,0.0646

00,0,2.341E+00,.1499,0.0650

00,0,2.316E+00,.1498,0.0648

00,0,2.323E+00,.1497,0.0639

00,0,2.382E+00,.1503,0.0647

00,0,2.375E+00,.1498,0.0639

00,0,2.426E+00,.1502,0.0656

00,0,2.420E+00,.1496,0.0644

00,0,2.480E+00,.1500,0.0653

00,0,2.505E+00,.1505,0.0652

00,0,2.451E+00,.1496,0.0644

00,0,2.510E+00,.1501,0.0647

00,0,2.513E+00,.1495,0.0642

00,0,2.537E+00,.1502,0.0647

00,0,2.561E+00,.1497,0.0650

00,0,2.586E+00,.1496,0.0646

00,0,2.628E+00,.1501,0.0648

00,0,2.594E+00,.1496,0.0642

00,0,2.647E+00,.1498,0.0652

00,0,2.675E+00,.1498,0.0647

00,0,2.650E+00,.1496,0.0642

00,0,2.682E+00,.1497,0.0643

00,0,2.731E+00,.1499,0.0652

00,0,2.698E+00,.1494,0.0641

00,0,2.756E+00,.1494,0.0648

00,0,2.759E+00,.1498,0.0642

00,0,2.784E+00,.1496,0.0646

00,0,2.764E+00,.1493,0.0637

00,0,2.826E+00,.1496,0.0644

00,0,2.858E+00,.1498,0.0644

00,0,2.805E+00,.1492,0.0639

00,0,2.870E+00,.1496,0.0642

00,0,2.905E+00,.1494,0.0643

00,0,2.899E+00,.1497,0.0642

00,0,2.911E+00,.1497,0.0644

00,0,2.976E+00,.1499,0.0645

00,0,2.972E+00,.1498,0.0646

00,0,2.972E+00,.1495,0.0639

00,0,3.033E+00,.1500,0.0650

00,0,3.025E+00,.1494,0.0645

00,0,3.031E+00,.1494,0.0641

00,0,3.095E+00,.1501,0.0647

00,0,3.081E+00,.1498,0.0649

00,0,3.149E+00,.1501,0.0652

00,0,3.141E+00,.1496,0.0645

00,0,3.125E+00,.1493,0.0642

00,0,3.121E+00,.1499,0.0638

00,0,3.210E+00,.1496,0.0647

00,0,3.207E+00,.1496,0.0646

00,0,3.248E+00,.1502,0.0649

00,0,3.250E+00,.1499,0.0646

00,0,3.262E+00,.1496,0.0647

00,0,3.303E+00,.1502,0.0647

00,0,3.320E+00,.1497,0.0646

00,0,3.294E+00,.1496,0.0644

00,0,3.351E+00,.1497,0.0646

00,0,3.386E+00,.1496,0.0646

00,0,3.365E+00,.1499,0.0643

00,0,3.381E+00,.1499,0.0644

00,0,3.424E+00,.1495,0.0642

00,0,3.447E+00,.1497,0.0646

00,0,3.458E+00,.1497,0.0644

00,0,3.478E+00,.1498,0.0646

00,0,3.512E+00,.1500,0.0648

00,0,3.507E+00,.1497,0.0642

00,0,3.519E+00,.1497,0.0644

00,0,3.516E+00,.1496,0.0643

00,0,3.598E+00,.1497,0.0647

00,0,3.607E+00,.1501,0.0647

00,0,3.588E+00,.1495,0.0641

00,0,3.634E+00,.1499,0.0644

00,0,3.640E+00,.1497,0.0646

00,0,3.659E+00,.1498,0.0642

00,0,3.720E+00,.1499,0.0646

00,0,3.661E+00,.1498,0.0639

00,0,3.711E+00,.1495,0.0643

00,0,3.755E+00,.1500,0.0647

00,0,3.771E+00,.1497,0.0645

00,0,3.800E+00,.1501,0.0646

00,0,3.787E+00,.1496,0.0645

00,0,3.845E+00,.1499,0.0647

00,0,3.843E+00,.1498,0.0642

00,0,3.809E+00,.1496,0.0639

00,0,3.875E+00,.1497,0.0644

00,0,3.922E+00,.1499,0.0649

00,0,3.891E+00,.1496,0.0640

00,0,3.912E+00,.1497,0.0640

00,0,3.930E+00,.1496,0.0643

00,0,3.989E+00,.1498,0.0644

00,0,3.925E+00,.1493,0.0636

00,0,4.015E+00,.1499,0.0645

00,0,4.013E+00,.1493,0.0644

00,0,4.061E+00,.1497,0.0647

00,0,4.090E+00,.1499,0.0646

00,0,4.069E+00,.1499,0.0644

00,0,4.091E+00,.1497,0.0646

00,0,4.150E+00,.1498,0.0646

00,0,4.139E+00,.1495,0.0644

00,0,4.173E+00,.1496,0.0644

00,0,4.189E+00,.1500,0.0651

00,0,4.220E+00,.1497,0.0647

00,0,4.254E+00,.1495,0.0647

00,0,4.276E+00,.1500,0.0650

00,0,4.252E+00,.1500,0.0646

00,0,4.297E+00,.1500,0.0648

00,0,4.296E+00,.1496,0.0644

00,0,4.305E+00,.1498,0.0641

00,0,4.305E+00,.1499,0.0646

00,0,4.402E+00,.1499,0.0649

00,0,4.372E+00,.1496,0.0646

00,0,4.420E+00,.1502,0.0647

